 0	 430	 956	 582	 959	 866	 1104	 602	 714	 839	 920	 982	 1080	 1133	 1201	 1411	 1527	
 430	 0	 526	 1012	 1389	 1296	 1534	 1032	 1144	 1269	 1350	 1412	 1510	 1563	 1631	 1841	 1957	
 956	 526	 0	 1538	 1915	 1822	 2060	 1558	 1670	 1795	 1876	 1938	 2036	 2089	 2157	 2367	 2483	
 582	 1012	 1538	 0	 377	 1448	 1686	 1184	 1296	 1421	 1502	 1564	 1662	 1715	 1783	 1993	 2109	
 959	 1389	 1915	 377	 0	 1825	 2063	 1561	 1673	 1798	 1879	 1941	 2039	 2092	 2160	 2370	 2486	
 866	 1296	 1822	 1448	 1825	 0	 238	 1468	 1580	 1705	 1786	 1848	 1946	 1999	 2067	 2277	 2393	
 1104	 1534	 2060	 1686	 2063	 238	 0	 1706	 1818	 1943	 2024	 2086	 2184	 2237	 2305	 2515	 2631	
 602	 1032	 1558	 1184	 1561	 1468	 1706	 0	 112	 237	 318	 380	 478	 531	 599	 809	 925	
 714	 1144	 1670	 1296	 1673	 1580	 1818	 112	 0	 125	 206	 268	 366	 419	 487	 697	 813	
 839	 1269	 1795	 1421	 1798	 1705	 1943	 237	 125	 0	 331	 393	 491	 544	 612	 572	 688	
 920	 1350	 1876	 1502	 1879	 1786	 2024	 318	 206	 331	 0	 62	 572	 625	 693	 903	 1019	
 982	 1412	 1938	 1564	 1941	 1848	 2086	 380	 268	 393	 62	 0	 634	 687	 755	 965	 1081	
 1080	 1510	 2036	 1662	 2039	 1946	 2184	 478	 366	 491	 572	 634	 0	 53	 121	 1063	 1179	
 1133	 1563	 2089	 1715	 2092	 1999	 2237	 531	 419	 544	 625	 687	 53	 0	 68	 1116	 1232	
 1201	 1631	 2157	 1783	 2160	 2067	 2305	 599	 487	 612	 693	 755	 121	 68	 0	 1184	 1300	
 1411	 1841	 2367	 1993	 2370	 2277	 2515	 809	 697	 572	 903	 965	 1063	 1116	 1184	 0	 1260	
 1527	 1957	 2483	 2109	 2486	 2393	 2631	 925	 813	 688	 1019	 1081	 1179	 1232	 1300	 1260	 0	
